1448.6626697887075
1013.6235476407138
412.6442052667791
82.5640995719216
13.812199679287998
9.064868493513627
7.999700177799571
7.57575022090565
7.59609393639998
7.083176894621416
6.933324640447443
7.081073695963079
6.650667797435414
6.728988387367942
6.52272350137884
6.365776538848877
6.440235398032448
6.247812704606489
6.003410599448464
5.891864754936912
5.864425442435524
5.713075724515048
5.953217885710976
6.1055391701785
5.867120471867648
5.829781965775923
5.704568884589455
5.407937028191307
5.758772806687788
5.524721384048462
5.562906286933205
5.400928020477295
5.473488601771268
5.1681130149147725
5.239539980888367
5.152362715114247
5.241239157589999
5.4365598505193535
5.040563236583363
5.109381480650469
5.148400350050493
4.99703924222426
4.894393281503157
4.933944442055442
5.170110550793734
5.09670661796223
4.978935263373635
4.967691909183156
5.0850960124622695
4.913182442838496
5.0185333707115864
5.20529795776714
4.7834776206450025
4.7293653163042935
4.70599610155279
4.7828533974560825
4.843480944633484
4.777227986942638
4.9328658472407945
4.560055916959589
4.788389455188405
4.649874383752996
4.746403986757452
4.692066040906039
4.329025734554637
4.7539366483688354
4.46944231336767
4.444376891309565
4.585999456318942
4.515611150047996
4.470181345939636
4.610442725094882
4.6168307282707906
4.399168480526317
4.598703785376116
4.459813724864613
4.532650568268516
4.26067777113481
4.597389947284352
4.564094868573275
4.410627029158852
4.4581006440249356
4.409346190365878
4.25716326453469
4.413935986432162
4.352069150317799
4.547427426684987
4.481095173142173
4.433888045224276
4.134183114225214
4.609695293686607
4.196599342606285
4.115793304009871
4.243284886533564
4.446544603867964
4.375777526335283
4.579922448505055
4.344377170909535
3.954986745660955
4.180846257643267
4.150437398390337
4.554414456540888
4.245376272635027
3.9729723280126397
4.209696108644659
4.124775398861278
4.355949185111306
4.208363728089766
4.075492577119307
4.177265719933943
4.129025816917419
4.085903633724559
4.183563698421825
3.9582272442904385
3.8088593157854946
3.9506573460318823
4.121258616447449
3.8848410953174937
4.149383783340454
4.085796822201122
4.31257502599196
4.455619606104764
4.0093476447192105
3.918248913504861
3.9557947462255303
4.254577159881592
4.2685377814553
4.095698269930753
4.072559367526662
4.0782400803132495
3.952229315584356
4.15891555222598
3.9898339184847744
3.9220496199347754
3.8229641914367676
4.132407968694514
3.6500312198292124
3.8963917060331865
4.088624780828303
3.8095841949636284
4.386963389136574
4.261546167460355
4.093384450132197
4.111241546544162
4.216807885603472
4.230819951404225
4.389386881481517
4.236497087912126
4.179503191601146
4.592751318758184
4.017739155075767
3.941373337398876
4.040179090066389
4.144263971935619
4.202800187197599
3.9600691361860796
4.422478816725991
3.9149384281852027
3.9355689829046074
4.043146599422801
4.206076892939481
4.029149488969282
4.000272349877791
3.6643769524314185
3.9540062492544
3.915156212720004
4.143056999553334
4.193251739848744
4.027303663167086
4.054680997675115
4.127756584774364
4.175384857437828
4.007578611373901
3.909718784418973
3.906590472568165
4.1303336295214566
3.8940337787974966
3.904187635941939
4.104941400614652
4.0979132869026875
3.991586435924877
3.8246876868334683
3.8507134806026113
4.001100009137934
4.142645760016008
4.211986368352717
3.8021481145511973
4.219079245220531
4.001039786772295
4.020287752151489
4.035506497729909
3.9316951578313653
4.036556536501104
3.740077864040028
3.9138319925828413
3.7485806075009434
3.91082746332342
3.9634693644263526
4.150833855975758
4.217908880927346
