1512.9241311035157
410.27638013916015
24.61381284637451
11.302078146362305
10.139551774597168
9.52689287109375
9.164391052246094
8.794458470916748
8.562231951141358
8.379987712860107
8.179687596893311
8.02844881210327
7.910208735656738
7.803010941314697
7.723592066955566
7.581659631347656
7.489813920593262
7.4789641555786135
7.331717490386963
7.2738143249511715
7.204708771514893
7.140083100128174
7.0753607757568355
7.0335927520751955
6.987877751159668
6.926118466186524
6.8291933021545415
6.780286727905273
6.694623068237305
6.717021067810059
6.610212735748291
6.595139986419678
6.533769480895996
6.5188015251159666
6.489056665039063
6.409877784729004
6.388723445129394
6.371196447753906
6.346382075500489
6.295187622070313
6.243851796722412
6.230368688964844
6.203685499572754
6.134000598907471
6.082269609832764
6.09545951423645
6.0371989807128905
6.045908388137818
5.990089366912842
5.939393119049072
5.954951147079468
5.974578457260132
5.92512308883667
5.883086428070069
5.861114874267578
5.7885156234741215
5.8200121566772465
5.769416328430176
5.781289766693115
5.7488212184906
5.676720542526245
5.6707764385223385
5.634929194259644
5.607916783905029
5.584367123413086
5.58741933631897
5.548478839111328
5.510866260910034
5.508457715225219
5.479954130554199
5.434363216400146
5.4403684684753415
5.435882963180542
5.439967694473267
5.426499887847901
5.3377087135314945
5.386588585281372
5.314286185455322
5.356761524581909
5.282010221862793
5.265440546417237
5.210670229721069
5.219970429611206
5.233200848007202
5.219029481506348
5.236216478347778
5.183035749435425
5.1960418395996095
5.138488311386109
5.139809309387207
5.106188084793091
5.070877570343018
5.052018075561524
5.060974352645874
5.10518073348999
5.012821934127808
5.068464192962646
4.9827395778656
4.963282960510254
4.988832289123535
4.960403924942017
4.971566558837891
4.932643258666992
4.933115089416504
4.890955041122437
4.914484972000122
4.884846668243409
4.828682576370239
4.8233414546966555
4.861264914703369
4.831472052001953
4.830262976074219
4.803357564926148
4.783178182983399
4.7541881202697756
4.769929225540161
4.800537412643433
4.8009399291992185
4.709111321258545
4.697491315841675
4.709626907348633
4.711018254089355
4.678781972885131
4.683115963745117
4.671382720565796
4.638638105010986
4.641729294204712
4.6484650691986085
4.639306341171265
4.670673096466064
4.590626988983154
4.626341877174378
4.567122869873047
4.5925691776275634
4.510891396331787
4.533583157348633
4.563006525802613
4.564945149230957
4.559702186584473
4.519748246765137
4.5448411907196045
4.506313591766357
4.521186173248291
4.546491435241699
4.4550617427825925
4.501277806091308
4.471109044647217
4.478127393722534
4.433378289985657
4.417026052093506
4.397441424560547
4.406390835952759
4.387683906173706
4.409516987991333
4.38088793296814
4.368458406829834
4.353619291305542
4.323678771209717
4.353940650177002
4.337145863342285
4.312454266357422
4.305877961730957
4.3255705013275145
4.288309210968017
4.297047027206421
4.285697777175903
4.293817121124268
4.274622050857544
4.281499923706055
4.243155798339844
4.261331397628784
4.2531465091705325
4.2687337089538575
4.230561513137817
4.2809823188781735
4.2240255197525025
4.227335895729065
4.240695058822632
4.224494729614258
4.236125733184815
4.245588589477539
4.191356912612915
4.21898684425354
4.238508555603027
4.224595262908935
4.2429594295501705
4.250713238906861
4.16911589050293
4.252713480758667
4.228330811119079
4.19870096321106
4.228562601470947
4.227692776489258
4.207928777694702
4.247769054412842
4.185312510681152
4.1946748321533205
4.171286795425415
4.212482498168946
4.178501169586181
