1578.0188071511009
990.1319025213069
335.60947556929153
65.69463027607311
12.273027766834606
8.240095160224222
7.705578023737127
7.144913673400879
7.246728181838989
6.908538644964045
6.650041255083951
6.07352124560963
6.042038809169423
6.002047408710826
5.82656455039978
5.6462580073963515
5.752827991138805
5.496952013535933
5.647841670296409
5.707007104700262
5.389109329743818
5.450919205492193
5.348939982327548
5.1410605040463535
5.204031814228404
5.172080094164068
5.333937883377075
4.992112376473167
4.9438429637388746
5.324588277123191
5.116661386056379
4.78707445751537
5.143099481409246
4.930294622074474
4.836334358562123
4.83754458210685
4.567874843424017
4.818662209944292
4.65936104817824
4.492594643072649
4.656503482298418
4.546023769812151
4.700149546970021
5.033691796389493
4.561850255185908
4.4750635190443555
4.313395662741228
4.377991307865489
4.334779078310186
4.541178063912825
4.493521907112815
4.2496362707831645
4.543231638995084
4.346516197377985
4.458963220769709
4.225155353546143
4.184170278635892
4.098829854618419
4.405395356091586
4.532316067002037
4.113894755190069
4.281710516322743
4.243694099512967
4.334311517802152
4.462900790301236
4.37212225523862
4.152125065976923
4.209277445619756
4.175670526244423
4.2699190269817
4.145184018395164
3.9480860124934805
3.918922012502497
4.175484473055059
4.2696370319886645
4.166943214156411
4.025156389583241
3.97695855660872
4.048491965640675
3.982422720302235
4.278147545727816
4.066471316597679
3.779728802767667
3.9819829138842495
4.006860884753141
3.9618042490699072
3.958236824382435
4.199803829193115
3.9226499904285776
3.826837485486811
3.8392527862028643
4.061513727361506
4.173861546949907
3.8701556379144844
3.8937454332004893
3.814812736077742
3.763313206759366
3.957929784601385
3.846246134151112
3.7857060324062
3.622485030781139
3.980360345406966
3.9633841839703647
3.8096037669615312
4.00333757834001
3.7227764346382837
4.147683804685419
3.879381840879267
3.7479919628663496
3.72958225553686
3.9627821120348843
3.818396579135548
3.6454452059485694
3.5798358592120083
3.694764169779691
3.7721592512997715
3.576332840052518
3.953013051639904
3.828702677379955
3.827737819064747
3.8207539970224556
3.690618319944902
3.82093608379364
3.836381099440835
3.5999737111004917
3.649428443475203
3.717143503102389
3.6373213854703037
3.482897628437389
3.6325676441192627
3.655960581519387
3.6034639965404165
3.793043515898965
3.683400511741638
3.6994795257394966
3.419052319093184
3.555311582305215
3.484264926476912
3.9258879206397315
3.639108191836964
3.8663957552476362
3.6612021056088535
3.8844076611778955
3.8868278048255225
3.7607240568507803
3.863159721547907
3.721127087419683
3.7978650114753028
3.6342563412406226
3.7558294317939063
3.434737888249484
3.584276231852445
3.498993830247359
3.7772467244755137
3.7569131526080044
3.726951393214139
3.8425416621294888
3.9458604725924404
3.7811307581988247
3.8369350866837935
3.6622976173054087
3.8287715911865234
3.5010664463043213
3.638565941290422
3.5063434189016167
3.5175118988210503
3.509607531807639
3.629787976091558
3.715197205543518
3.8273588960820977
3.6302411664615977
3.688741380518133
3.5645206516439263
3.6412463296543467
3.6966964548284356
3.6121316931464453
3.4040564840490166
3.5604020790620283
3.742058905688199
3.7964554266496138
3.6441520127383145
3.592598546635021
3.64007784019817
3.5641873424703423
3.6966109492562036
3.6114995154467495
3.7538078264756636
3.894589976830916
3.738226749680259
3.4111211841756646
3.5648879246278242
3.5929844596169214
3.717588489705866
3.7199917381460015
3.7390240972692315
3.9183593663302334
3.59247718074105
3.6079717549410733
3.4770913449200718
3.687105969949202
