1386.258056640625
1010.8136055686257
402.6688863580877
81.31450063532048
13.993145899339156
9.124967293305831
8.003712090578945
7.522668166594072
7.441343242471868
7.071160359816118
6.795527414842085
6.964198914441195
6.608028390190818
6.696430553089488
6.500840555537831
6.390253067016602
6.457588650963523
6.274792411110618
5.964500145478682
5.916166110472246
5.785150853070346
5.663198471069336
5.881417534568093
6.044175364754417
5.850139314478094
5.827197573401711
5.702942718159068
5.359262054616755
5.690038485960527
5.422134182669899
5.4931135177612305
5.369910782033747
5.409006790681318
5.166518514806574
5.20779153433713
5.15891922603954
5.200552073392001
5.467967434362932
5.067605376243591
5.1513991355896
5.21238771351901
4.978085550394925
4.805591149763628
4.933278116312894
5.178255037827925
5.074861786582253
4.9580434885892
5.039034474979747
5.073012893850153
4.845851334658536
4.941993930123069
5.127532438798384
4.7760124965147535
4.798225240273909
4.678657846017317
4.810945684259588
4.85767295143821
4.803420532833446
4.924902764233676
4.44922661781311
4.756753444671631
4.571531349962408
4.774437221613797
4.752469918944619
4.355982726270502
4.806651559743014
4.427929694002325
4.397601886229082
4.551222248510881
4.438852602785284
4.507781202142889
4.649413293058222
4.487480196085843
4.333863215012983
4.571723872965032
4.446940909732472
4.493163152174517
4.276627540588379
4.481495250355113
4.452896844257008
4.434121684594587
4.423618544231761
4.286865310235457
4.129470272497698
4.347935990853743
4.310644854198802
4.560594667087901
4.461025216362693
4.337514302947304
4.143791502172297
4.523554043336348
4.149060379375111
4.12517879225991
4.215301361950961
4.378306833180514
4.414017503911799
4.562883745540272
4.304120594804937
3.9516494924371894
4.220681049607017
4.260767243125222
4.433659510178999
4.196304017847234
3.9771768938411367
4.281595219265331
4.097487872297114
4.244855165481567
4.151785828850486
3.9908593893051147
4.082983959804881
4.096499854868108
4.076189832253889
4.161641836166382
3.897012721408497
3.812079917300831
3.918990579518405
4.092863483862444
3.895179878581654
4.184927962043068
4.128354939547452
4.258582971312783
4.459463552995161
3.970817219127308
3.8172988783229482
3.9666158827868374
4.176896420392123
4.208388707854531
4.0676386681470005
4.039492899721319
3.980331442572854
3.9678197665648027
4.096629977226257
3.9440284100445835
3.8733404874801636
3.7599251812154595
4.107488708062605
3.651555050503124
3.8766382932662964
4.11558152328838
3.7822581854733555
4.457301063971086
4.263554377989336
4.145301732149991
4.080406709150835
4.251283147118309
4.379733248190447
4.415824445811185
4.298392003232783
4.149036429145119
4.528247193856672
3.9644926569678565
4.012079650705511
4.101649089293047
4.173016797412526
4.138091737573797
3.955746520649303
4.3440855308012525
3.939241647720337
3.8941913192922417
3.93096416646784
4.2954300967129795
4.017990437420932
4.029322938485579
3.7080755775625054
3.9999467676336113
3.900625239719044
4.173417015509172
4.198749758980491
4.014982082627037
4.046977476640181
4.008518706668507
4.214855139905756
4.021520419554277
3.9831106554378164
3.9379312992095947
4.123937964439392
3.90428504076871
3.957824306054549
4.063955480402166
4.100896250117909
3.9627803564071655
3.8743504610928623
3.7986064065586436
3.9324143041263926
4.050521016120911
4.186178001490506
3.807246609167619
4.314895142208446
3.9947961460460317
4.056923313574358
4.087990966710177
3.870271325111389
4.086728356101296
3.7672060511328955
3.9794363758780738
3.8800914070822974
3.886145916852084
3.9570575302297417
4.095253543420271
4.147341500629079
