4.730627465438843
4.752216874313355
4.769636454772949
5.101139792251587
5.188781401062012
5.130022885513306
5.176112924194336
5.155685790252686
5.130095093536377
5.105336707305908
5.089367247390747
5.133593531036377
5.107369259643555
5.140968057632446
5.072840805053711
5.065155270385742
5.105371773910522
5.041140104293823
5.054356351852417
5.028528663635254
5.0617871097564695
5.044206638717651
5.004919438934326
4.984631381225586
4.971928533935547
4.968491761398315
4.999672146987915
4.922770184707642
4.910090967941284
4.931954829025268
4.87451388168335
4.851406256103516
4.827353779602051
4.933256407165527
4.904234162139892
4.827921415328979
4.8431557888031005
4.846964043045044
4.820488231658936
4.761059371566772
4.81075256614685
4.75195524520874
4.7399237339019775
4.717609049606323
4.768242532348633
4.683377457427978
4.718471826934814
4.687346516036987
4.646703815841675
4.67400712928772
4.633790644836425
4.66464822845459
4.661919453048706
4.61906579284668
4.596499452209473
4.633610366439819
4.627663034057617
4.58123267288208
4.600850327301026
4.561675167655944
4.492061451339722
4.6270211360931395
4.497278102493286
4.508955298995971
4.522370994186401
4.549180849456787
4.495230452346802
4.451366178512573
4.4496656616210934
4.51302961101532
4.450609675788879
4.466486334609986
4.468525992965699
4.419500503540039
4.373703427314759
4.374763446426392
4.341815367126465
4.33745775756836
4.31871506729126
4.355114510726929
4.32881462020874
4.281364594268799
4.358869385528564
4.315208248901367
4.310589966201782
4.266358851623536
4.265963254737854
4.313442393493652
4.207192023468018
4.168728257369995
4.225656711006165
4.203597134399414
4.211894887161255
4.237760563278198
4.213142456245422
4.189119312286377
4.155206016921997
4.113991589546203
4.089902220153808
4.127314274787903
4.138087651824951
4.082582056427002
4.153998456954956
4.087262781143188
4.1232727979660035
4.05957226524353
4.06521947517395
4.10431531791687
4.041993938446045
4.0053422021865845
4.0234325397491455
3.972513607788086
4.007536448669434
3.9751543918609618
3.9469891052246093
4.027109864807129
3.9762019653320313
3.940328662490845
4.0085301532745365
3.984783787918091
3.97360525932312
3.9695769035339357
3.984732166671753
3.915966320991516
3.9447014896392822
3.916008253097534
3.8955568883895872
3.920261522293091
3.932499150848389
3.9327467948913575
