1632.7603543945313
510.50912595214845
35.482994871520994
11.459705879211425
10.533710737609864
9.966891203308105
9.533197802734374
9.222773023986816
8.922059219360351
8.678165148162842
8.495287748718262
8.312959090423584
8.11648318862915
8.022282692718505
7.89093606262207
7.750829945373535
7.630839868164062
7.628829849243164
7.4920600929260255
7.436948454284668
7.365262961578369
7.266965135955811
7.208713597869873
7.116632700347901
7.11305192489624
7.005520200347901
6.967977562713623
6.92225015411377
6.8332947166442874
6.844596505737305
6.741062748718262
6.715154702758789
6.646013215637207
6.627995018005371
6.558842581176758
6.530568309020996
6.439474052429199
6.461084934234619
6.47295375213623
6.399041331481934
6.2959035125732425
6.302197633361817
6.285707176208496
6.25790843963623
6.258180593490601
6.196950801086426
6.1695330493927
6.134643223190308
6.096631240844727
6.106387142181396
6.015481757736206
5.937711254882813
5.964254763031006
5.984107779693604
5.921249239349366
5.8764081436157225
5.87339655456543
5.870815940856934
5.811239850234985
5.780362753295899
5.739985042190551
5.746848907089233
5.7328637516021725
5.63838101234436
5.632673593521118
5.675838842010498
5.60905731124878
5.594443235397339
5.556492662429809
5.589034702682495
5.5560040935516355
5.5099582164764405
5.50757851486206
5.506885573577881
5.46137018699646
5.394721622467041
5.417200220489502
5.402745914840699
5.390162512207032
5.364112288284302
5.375307863235474
5.3777617057800295
5.317133289718628
5.287175067901611
5.32613330001831
5.2873891159057615
5.228778297424316
5.177165610504151
5.183735208129883
5.163880791854859
5.198687173843384
5.158984801101685
5.179796929550171
5.116915647506714
5.1271526248931885
5.089443800735474
5.085677684783936
5.056902813339233
5.0839725158691405
5.0591723934173585
5.025743603134155
5.044227491760254
5.005089826202393
4.963505335998535
4.927599536895752
4.930177528381348
4.9509323169708255
4.883026543807984
4.894509716796875
4.919750560379028
4.891160960388183
4.885513325500488
4.843662951660156
4.89173476524353
4.831695819473267
4.812835039138794
4.843993452835083
4.803363793182373
4.787411917877197
4.817051523208618
4.799214546966553
4.75612333946228
4.770043720245361
4.7287712570190426
4.68559089012146
4.77726233177185
4.689287505340576
4.694828628158569
4.6431381721496585
4.733644257736206
4.635773929595947
4.657615678024292
4.643552045822144
4.625579297637939
4.5741432228088375
4.616515147018433
4.6366251285552975
4.610778788757324
4.5951944438934325
4.521110990142822
4.651967981719971
4.6458968185424805
4.5802858997344975
4.595589371109009
4.579842594909668
4.552900926208496
4.563687538909912
4.545868297195435
4.481446900558471
4.494658798599243
4.473306256103515
4.476398582458496
4.480821705245972
4.419857102203369
4.384905058670044
4.445570230865479
4.4092000999450685
4.4237572448730464
4.354371580123901
4.369844148635864
4.372307799911499
4.361498682785034
4.332913092041015
4.3571511806488035
4.374488902282715
4.350590617752075
4.341150519943238
4.312679047393799
4.3286745063781735
4.345990479278565
4.3320914791107175
4.2702157596588135
4.284629843139649
4.279779134368897
4.318237702941895
4.318594631958008
4.293593745422363
4.280161410903931
4.2489192611694335
4.277574005508423
4.267885666275024
4.288284031677246
4.273952561950684
4.296418487167358
4.302103880691528
4.266993485260009
4.26797096824646
4.253692991256714
4.251798495483398
4.253556656646729
4.272216053771973
4.252418494415283
4.311169150543213
4.253909534835816
4.259675569152832
4.28303669052124
4.243877774429321
4.2834915340423585
4.229965825271607
4.2573997619628905
