2746.6790383078837
2054.2608642578125
1801.7128601074219
1888.7848954634233
1401.7718616832387
1088.312705300071
691.4123451926491
614.1210992986506
350.67247980291194
242.24411218816584
131.08069367842242
93.18482815135609
67.5044214075262
45.45464767109264
26.42216261950406
20.017793568697844
21.86752141605724
15.815670230171897
14.597705364227295
13.869701515544545
12.773453625765713
12.273951617154209
12.345199238170277
12.02587604522705
11.332959651947021
11.2367694161155
11.193997383117676
10.39979414506392
10.544599056243896
10.211910247802734
9.915925719521262
9.643736254085194
9.496005448428066
9.176536083221436
9.008542711084539
9.017119212584062
8.902279376983643
9.060000896453857
8.807149345224554
8.735705809159713
8.486491073261607
8.425950808958573
8.088654734871604
8.175942811098965
8.187036600979892
8.250563036311757
7.875272577459162
8.16598619114269
8.03496789932251
7.835123517296531
7.997120141983032
8.154981179670854
7.516771359877153
7.52580096504905
7.458300265398893
7.41972465948625
7.719397241419012
7.799782969734886
7.55224119533192
7.083571347323331
7.156815312125466
7.0475380637428975
7.277885848825628
7.018740393898704
6.47392912344499
6.9707185355099766
6.743779052387584
6.534325621344826
6.757975058122114
6.690164305947044
6.496870192614469
6.607891321182251
6.785736972635442
6.2603913870724766
6.398257298903032
6.567724704742432
6.32861555706371
6.312217625704679
6.448039900172841
6.398536812175404
6.189834377982399
6.192595611919057
6.002618789672852
5.876584031365135
6.324093992059881
5.9875900528647685
6.260092323476618
6.131978771903298
6.15087593685497
5.741195917129517
6.164546186273748
5.745118618011475
5.890190774744207
5.891494100744074
5.9214712489735
5.934656966816295
5.995555986057628
6.0062126463109795
5.488651633262634
5.700252576307817
5.663445364345204
5.874125675721602
5.554329059340737
5.682666410099376
5.679814403707331
5.643926176157865
5.660679947246205
5.694570649753917
5.3620687398043545
5.654173179106279
5.51111988587813
5.423964142799377
5.552236015146429
5.269640998406843
5.188844182274559
5.226208264177496
5.378938945856961
5.507919430732727
5.470388239080256
5.395979003472761
5.711936484683644
5.756343993273648
5.30529120835391
5.098275162956932
5.346332441676747
5.5035692778500644
5.395183682441711
5.3320008299567485
5.443050503730774
5.312620390545238
5.089630885557695
5.249287442727522
5.30549296465787
5.04500751061873
5.000901200554588
5.217282642017711
4.68421750718897
5.101625529202548
5.35037496956912
5.075401913036
6.660619714043357
6.328719160773537
6.32372557033192
5.962678475813433
6.05891676382585
6.172343622554433
6.612314289266413
6.325362010435625
5.891103766181252
6.624769579280507
5.750231504440308
5.721512881192294
5.994999842210249
5.894685961983421
6.037751241163774
5.70016436143355
6.408389156514948
5.936732151291587
5.8035453883084385
5.864426677877253
6.37053335796703
5.708407607945529
5.863558118993586
5.477469314228404
5.6566784598610615
5.614132469350642
6.116926128214056
5.867524287917397
5.738100051879883
6.017851168459112
5.781787980686534
5.9837118278850205
5.8364126032049
5.828307411887429
5.86242034218528
5.9847434975884175
5.517160458998247
5.818416422063654
5.9049081585624
5.9558045864105225
5.90799296985973
5.782570253718983
5.475905245000666
5.724645961414684
5.923583897677335
5.733671036633578
5.748762087388472
6.35657583583485
5.521535071459684
5.694949106736616
5.765929482199929
5.570772821252996
6.0883261073719375
5.348702842539007
5.749176740646362
5.637880520387129
5.686435656114058
5.807154200293801
5.875852281397039
6.23589073527943
